132,465
132,466
132,422
132,707
132,229
132,557
132,280
132,94
132,521
132,321
132,326
132,141
132,184
132,476
132,619
132,7
132,381
132,9
132,290
132,383
132,384
132,244
132,56
132,57
132,197
132,243
132,16
132,533
132,68
132,201
132,297
132,726
132,114
132,727
132,583
132,398
132,399
132,636
132,300
132,76
132,737
132,494
132,447
132,641
132,310
132,311
132,130
132,315
132,700
132,88
132,277
132,275
466,277
466,280
466,520
466,521
466,708
466,559
466,182
466,184
466,476
466,187
466,377
466,428
466,526
466,619
466,713
466,622
466,10
466,670
466,484
466,60
466,486
466,628
466,17
466,631
466,200
466,152
466,432
466,68
466,201
466,203
466,297
466,340
466,435
466,583
466,732
466,347
466,400
466,401
466,448
466,358
466,641
466,218
466,168
466,130
466,458
466,86
466,608
466,700
466,172
466,174
381,316
381,369
381,703
381,417
381,557
381,658
381,96
381,332
381,290
381,384
381,55
381,487
381,66
381,726
381,583
381,398
381,27
381,255
381,299
381,76
381,587
381,302
381,737
381,122
381,593
381,166
381,310
381,85
381,749
381,698
381,700
381,88
381,513
381,90
707,0
707,705
707,229
707,519
707,280
707,371
707,322
707,234
707,141
707,565
707,49
707,101
707,192
707,9
707,384
707,243
707,12
707,717
707,16
707,387
707,67
707,725
707,114
707,582
707,439
707,539
707,733
707,585
707,76
707,211
707,159
707,640
707,447
707,306
707,502
707,406
707,453
707,642
707,310
707,85
707,224
707,606
707,694
707,648
707,749
707,225
707,315
707,700
707,88
707,418
707,277
707,275
280,369
280,707
280,557
280,371
280,282
280,559
280,96
280,141
280,184
280,476
280,619
280,332
280,7
280,9
280,290
280,55
280,384
280,243
280,57
280,670
280,631
280,200
280,338
280,248
280,68
280,201
280,297
280,114
280,583
280,255
280,300
280,76
280,587
280,302
280,737
280,494
280,159
280,211
280,447
280,641
280,600
280,310
280,690
280,648
280,225
280,700
280,88
280,513
280,277
280,275
184,515
184,369
184,557
184,280
184,521
184,612
184,96
184,5
184,476
184,187
184,566
184,619
184,713
184,332
184,7
184,380
184,429
184,290
184,55
184,10
184,57
184,672
184,60
184,106
184,702
184,631
184,200
184,338
184,339
184,201
184,577
184,634
184,726
184,297
184,396
184,72
184,174
184,583
184,255
184,76
184,737
184,302
184,494
184,211
184,405
184,549
184,218
184,506
184,604
184,749
184,700
184,277
244,369
244,466
244,280
244,659
244,660
244,141
244,184
244,328
244,524
244,187
244,619
244,51
244,332
244,571
244,289
244,10
244,721
244,249
244,68
244,202
244,297
244,114
244,71
244,437
244,24
244,583
244,731
244,346
244,75
244,300
244,76
244,302
244,737
244,211
244,447
244,687
244,125
244,543
244,641
244,505
244,221
244,310
244,645
244,508
244,129
244,460
244,272
244,700
244,513
244,277
244,752
290,316
290,369
290,420
290,176
290,139
290,557
290,280
290,521
290,612
290,96
290,235
290,184
290,5
290,376
290,476
290,329
290,713
290,52
290,7
290,381
290,55
290,10
290,333
290,57
290,197
290,486
290,106
290,631
290,66
290,724
290,201
290,113
290,577
290,634
290,297
290,396
290,72
290,583
290,255
290,682
290,587
290,302
290,737
290,494
290,405
290,542
290,689
290,747
290,365
290,513
94,0
94,552
94,517
94,229
94,323
94,231
94,140
94,374
94,97
94,285
94,474
94,618
94,668
94,9
94,384
94,483
94,148
94,334
94,335
94,628
94,673
94,630
94,533
94,67
94,534
94,633
94,114
94,392
94,579
94,22
94,439
94,207
94,398
94,344
94,73
94,681
94,638
94,157
94,589
94,305
94,217
94,167
94,455
94,408
94,600
94,645
94,691
94,42
94,315
94,461
384,135
384,316
384,704
384,703
384,90
384,557
384,280
384,658
384,231
384,522
384,96
384,141
384,474
384,332
384,381
384,9
384,55
384,148
384,631
384,632
384,66
384,19
384,633
384,296
384,726
384,579
384,341
384,398
384,118
384,255
384,27
384,735
384,638
384,76
384,737
384,122
384,305
384,35
384,593
384,405
384,166
384,39
384,600
384,310
384,691
384,85
384,749
384,315
384,462
384,700
384,88
384,275
141,707
141,229
141,557
141,280
141,371
141,277
141,326
141,184
141,619
141,711
141,568
141,7
141,9
141,290
141,384
141,243
141,16
141,533
141,67
141,338
141,390
141,68
141,631
141,297
141,114
141,634
141,201
141,582
141,583
141,398
141,733
141,300
141,76
141,737
141,588
141,211
141,447
141,641
141,218
141,600
141,310
141,41
141,85
141,606
141,648
141,749
141,225
141,315
141,700
141,88
141,652
141,275
383,706
383,319
383,610
383,555
383,138
383,284
383,473
383,699
383,662
383,561
383,563
383,427
383,143
383,287
383,288
383,550
383,54
383,11
383,625
383,56
383,626
383,15
383,65
383,273
383,68
383,490
383,70
383,727
383,205
383,580
383,729
383,677
383,117
383,156
383,119
383,74
383,442
383,301
383,739
383,740
383,639
383,501
383,503
383,602
383,603
383,311
383,362
383,609
383,87
383,701
383,649
383,89
7,316
7,703
7,557
7,280
7,612
7,521
7,558
7,2
7,184
7,329
7,476
7,566
7,290
7,55
7,715
7,10
7,333
7,57
7,672
7,702
7,487
7,631
7,200
7,338
7,339
7,489
7,297
7,634
7,726
7,72
7,583
7,682
7,76
7,211
7,352
7,161
7,449
7,405
7,357
7,549
7,310
7,266
7,83
7,413
7,749
7,607
7,415
7,700
7,277
7,228
476,369
476,557
476,280
476,277
476,521
476,559
476,560
476,96
476,184
476,5
476,477
476,187
476,566
476,619
476,713
476,7
476,290
476,55
476,10
476,627
476,57
476,486
476,106
476,631
476,200
476,535
476,338
476,201
476,297
476,577
476,634
476,396
476,72
476,583
476,298
476,255
476,76
476,587
476,403
476,302
476,737
476,494
476,77
476,259
476,700
476,543
476,218
476,82
476,689
476,310
476,604
476,130
476,747
476,463
476,513
476,175
465,317
465,554
465,653
465,320
465,372
465,321
465,283
465,473
465,286
465,617
465,188
465,567
465,712
465,53
465,145
465,481
465,669
465,530
465,54
465,431
465,574
465,337
465,295
465,252
465,153
465,727
465,728
465,116
465,399
465,636
465,156
465,441
465,303
465,683
465,78
465,212
465,738
465,444
465,495
465,499
465,162
465,594
465,81
465,407
465,596
465,603
465,748
465,313
465,87
465,273
465,464
465,510
229,0
229,552
229,517
229,423
229,707
229,94
229,323
229,231
229,140
229,374
229,97
229,141
229,474
229,618
229,668
229,9
229,384
229,243
229,483
229,148
229,334
229,335
229,14
229,16
229,533
229,67
229,534
229,633
229,114
229,392
229,579
229,439
229,207
229,344
229,638
229,157
229,76
229,589
229,305
229,447
229,167
229,408
229,600
229,645
229,691
229,85
229,42
229,315
229,461
229,275
9,135
9,0
9,703
9,707
9,229
9,658
9,280
9,96
9,141
9,474
9,668
9,381
9,290
9,384
9,243
9,148
9,16
9,533
9,67
9,534
9,64
9,633
9,631
9,66
9,726
9,114
9,579
9,439
9,583
9,398
9,638
9,76
9,496
9,122
9,305
9,447
9,306
9,593
9,37
9,39
9,600
9,310
9,691
9,646
9,85
9,749
9,648
9,315
9,700
9,88
9,275
56,465
56,421
56,655
56,706
56,555
56,138
56,284
56,473
56,662
56,561
56,563
56,186
56,330
56,527
56,190
56,287
56,383
56,625
56,15
56,293
56,722
56,488
56,65
56,273
56,578
56,393
56,727
56,728
56,678
56,399
56,28
56,637
56,74
56,301
56,740
56,445
56,503
56,164
56,165
56,263
56,410
56,603
56,267
56,311
56,171
56,509
56,364
56,699
56,701
56,650
56,651
56,89
422,516
422,93
422,279
422,656
422,707
422,94
422,473
422,324
422,614
422,186
422,143
422,621
422,9
422,383
422,11
422,58
422,245
422,628
422,107
422,109
422,65
422,68
422,435
422,727
422,23
422,580
422,729
422,439
422,154
422,208
422,254
422,256
422,442
422,591
422,739
422,740
422,450
422,36
422,501
422,261
422,688
422,744
422,126
422,263
422,222
422,645
422,696
422,609
422,133
422,367
422,419
326,468
326,557
326,48
326,280
326,708
326,559
326,96
326,141
326,664
326,477
326,619
326,713
326,332
326,9
326,290
326,384
326,243
326,486
326,16
326,631
326,248
326,338
326,201
326,297
326,114
326,396
326,583
326,398
326,345
326,680
326,255
326,76
326,587
326,737
326,540
326,260
326,447
326,163
326,38
326,218
326,600
326,310
326,604
326,130
326,85
326,606
326,86
326,44
326,700
326,88
326,275
619,515
619,466
619,318
619,557
619,280
619,277
619,521
619,708
619,559
619,96
619,182
619,141
619,184
619,5
619,476
619,526
619,713
619,332
619,290
619,291
619,57
619,671
619,670
619,486
619,60
619,17
619,631
619,200
619,339
619,201
619,433
619,577
619,634
619,726
619,297
619,391
619,583
619,255
619,76
619,737
619,494
619,211
619,405
619,218
619,600
619,130
619,747
619,86
619,648
619,459
619,700
619,174
521,316
521,515
521,703
521,557
521,612
521,2
521,184
521,329
521,566
521,619
521,620
521,378
521,7
521,572
521,290
521,10
521,484
521,57
521,672
521,60
521,670
521,702
521,487
521,17
521,631
521,200
521,339
521,489
521,726
521,69
521,72
521,583
521,298
521,682
521,352
521,161
521,258
521,405
521,357
521,549
521,218
521,266
521,83
521,413
521,749
521,86
521,607
521,415
521,700
521,277
57,316
57,420
57,277
57,521
57,612
57,558
57,2
57,96
57,184
57,329
57,376
57,566
57,619
57,378
57,240
57,7
57,430
57,290
57,55
57,10
57,333
57,197
57,672
57,631
57,339
57,201
57,577
57,634
57,726
57,297
57,72
57,583
57,298
57,255
57,682
57,587
57,302
57,737
57,494
57,211
57,161
57,405
57,506
57,266
57,604
57,413
57,749
57,415
57,750
57,463
57,549
321,317
321,706
321,470
321,180
321,661
321,473
321,325
321,181
321,562
321,189
321,186
321,188
321,479
321,528
321,53
321,529
321,54
321,383
321,626
321,718
321,674
321,574
321,110
321,388
321,68
321,435
321,727
321,205
321,729
321,25
321,677
321,636
321,256
321,210
321,349
321,738
321,685
321,740
321,263
321,546
321,222
321,508
321,603
321,311
321,411
321,269
321,695
321,609
321,87
321,273
321,367
557,316
557,369
557,176
557,280
557,708
557,559
557,96
557,326
557,184
557,664
557,476
557,619
557,713
557,332
557,7
557,381
557,290
557,291
557,55
557,384
557,486
557,106
557,631
557,338
557,201
557,577
557,726
557,297
557,342
557,396
557,583
557,398
557,345
557,255
557,76
557,587
557,302
557,737
557,494
557,741
557,700
557,543
557,310
557,604
557,130
557,86
557,463
557,88
557,513
557,277
201,369
201,557
201,280
201,277
201,472
201,559
201,96
201,141
201,184
201,5
201,664
201,476
201,187
201,477
201,619
201,713
201,147
201,291
201,55
201,290
201,57
201,486
201,106
201,336
201,631
201,200
201,248
201,724
201,577
201,634
201,297
201,396
201,583
201,255
201,76
201,587
201,302
201,737
201,494
201,77
201,700
201,745
201,218
201,310
201,604
201,130
201,271
201,463
201,513
201,174
197,515
197,316
197,703
197,654
197,657
197,658
197,370
197,521
197,2
197,184
197,5
197,664
197,564
197,191
197,329
197,619
197,526
197,620
197,569
197,146
197,572
197,290
197,714
197,10
197,55
197,57
197,672
197,486
197,487
197,66
197,20
197,577
197,726
197,253
197,155
197,345
197,682
197,498
197,161
197,405
197,37
197,551
197,746
197,220
197,506
197,134
197,747
197,413
197,414
197,749
197,363
197,415
197,226
197,751
197,417
197,174
197,553
583,316
583,369
583,557
583,280
583,521
583,559
583,96
583,326
583,141
583,184
583,476
583,187
583,477
583,619
583,713
583,7
583,381
583,290
583,55
583,10
583,384
583,57
583,106
583,631
583,338
583,201
583,577
583,297
583,114
583,342
583,398
583,345
583,255
583,76
583,587
583,302
583,737
583,494
583,77
583,700
583,218
583,310
583,604
583,130
583,86
583,607
583,648
583,45
583,88
583,277
583,275
533,0
533,552
533,517
533,229
533,94
533,323
533,231
533,140
533,374
533,97
533,141
533,474
533,618
533,668
533,9
533,384
533,483
533,148
533,334
533,335
533,14
533,67
533,534
533,68
533,633
533,114
533,434
533,579
533,392
533,439
533,207
533,344
533,638
533,157
533,300
533,589
533,305
533,451
533,504
533,641
533,167
533,408
533,600
533,645
533,691
533,647
533,42
533,315
533,461
533,700
16,707
16,229
16,519
16,280
16,371
16,326
16,141
16,615
16,565
16,101
16,619
16,8
16,624
16,9
16,384
16,243
16,484
16,670
16,629
16,17
16,387
16,631
16,68
16,725
16,297
16,726
16,114
16,201
16,582
16,439
16,583
16,733
16,76
16,737
16,588
16,640
16,447
16,406
16,453
16,218
16,600
16,310
16,128
16,606
16,648
16,749
16,315
16,700
16,277
16,275
243,137
243,707
243,229
243,519
243,280
243,371
243,96
243,326
243,141
243,193
243,525
243,331
243,332
243,568
243,194
243,8
243,9
243,384
243,149
243,719
243,16
243,573
243,294
243,151
243,67
243,111
243,297
243,114
243,206
243,730
243,583
243,733
243,76
243,588
243,79
243,159
243,640
243,447
243,306
243,216
243,359
243,544
243,600
243,310
243,648
243,225
243,700
243,88
243,652
243,275
297,466
297,557
297,280
297,96
297,326
297,141
297,184
297,477
297,187
297,476
297,619
297,713
297,332
297,7
297,290
297,55
297,384
297,243
297,57
297,106
297,16
297,631
297,248
297,338
297,201
297,68
297,634
297,114
297,583
297,463
297,298
297,255
297,76
297,587
297,302
297,737
297,494
297,77
297,447
297,641
297,218
297,600
297,310
297,604
297,130
297,314
297,700
297,88
297,513
297,277
297,275
300,466
300,137
300,519
300,280
300,371
300,659
300,660
300,277
300,180
300,141
300,6
300,619
300,51
300,8
300,571
300,243
300,244
300,626
300,485
300,272
300,721
300,533
300,249
300,390
300,68
300,297
300,114
300,731
300,346
300,256
300,75
300,76
300,302
300,211
300,33
300,447
300,687
300,700
300,125
300,641
300,544
300,505
300,645
300,508
300,129
300,225
300,87
300,460
300,274
300,652
76,707
76,557
76,280
76,371
76,521
76,96
76,326
76,141
76,184
76,476
76,619
76,332
76,7
76,381
76,9
76,290
76,55
76,243
76,384
76,16
76,631
76,338
76,201
76,297
76,114
76,582
76,491
76,583
76,398
76,539
76,733
76,211
76,302
76,737
76,351
76,122
76,447
76,449
76,593
76,218
76,600
76,310
76,85
76,606
76,648
76,749
76,225
76,315
76,700
76,88
76,277
76,275
68,92
68,466
68,519
68,280
68,371
68,470
68,321
68,277
68,180
68,473
68,182
68,141
68,562
68,619
68,528
68,53
68,8
68,667
68,383
68,244
68,626
68,246
68,574
68,723
68,390
68,297
68,114
68,435
68,729
68,636
68,119
68,493
68,300
68,76
68,739
68,354
68,447
68,700
68,40
68,546
68,222
68,508
68,311
68,362
68,609
68,225
68,87
68,274
68,276
68,367
68,652
737,369
737,176
737,1
737,557
737,280
737,96
737,235
737,184
737,5
737,664
737,476
737,187
737,329
737,619
737,713
737,332
737,290
737,55
737,10
737,57
737,486
737,106
737,631
737,200
737,338
737,248
737,724
737,201
737,577
737,634
737,297
737,115
737,396
737,583
737,345
737,255
737,76
737,587
737,302
737,494
737,77
737,700
737,543
737,689
737,310
737,604
737,747
737,463
737,88
737,513
737,277
641,369
641,466
641,230
641,277
641,280
641,659
641,660
641,96
641,182
641,141
641,184
641,3
641,374
641,187
641,619
641,51
641,332
641,571
641,243
641,244
641,721
641,533
641,631
641,249
641,68
641,297
641,114
641,536
641,583
641,731
641,75
641,300
641,76
641,302
641,737
641,211
641,447
641,687
641,125
641,505
641,310
641,645
641,129
641,547
641,171
641,225
641,272
641,700
641,513
641,652
310,707
310,611
310,557
310,280
310,371
310,96
310,326
310,141
310,99
310,476
310,477
310,619
310,332
310,7
310,381
310,9
310,290
310,55
310,243
310,384
310,16
310,573
310,631
310,248
310,338
310,201
310,297
310,114
310,396
310,583
310,398
310,733
310,76
310,302
310,737
310,211
310,159
310,640
310,447
310,593
310,745
310,641
310,600
310,85
310,648
310,225
310,315
310,700
310,88
310,513
310,277
310,275
494,515
494,369
494,557
494,280
494,472
494,559
494,96
494,235
494,184
494,5
494,664
494,476
494,187
494,619
494,713
494,332
494,290
494,291
494,10
494,55
494,57
494,486
494,106
494,336
494,631
494,200
494,248
494,724
494,675
494,201
494,577
494,634
494,297
494,396
494,583
494,255
494,76
494,587
494,302
494,737
494,700
494,745
494,218
494,219
494,604
494,130
494,747
494,463
494,513
494,174
727,465
727,653
727,319
727,555
727,656
727,706
727,138
727,321
727,473
727,662
727,561
727,563
727,189
727,186
727,527
727,287
727,54
727,383
727,11
727,625
727,56
727,626
727,15
727,293
727,199
727,65
727,273
727,393
727,205
727,728
727,677
727,399
727,117
727,119
727,74
727,210
727,301
727,30
727,739
727,740
727,503
727,164
727,263
727,603
727,311
727,411
727,609
727,699
727,416
727,649
727,651
727,89
311,319
311,178
311,95
311,321
311,181
311,233
311,662
311,427
311,666
311,287
311,53
311,482
311,102
311,278
311,383
311,196
311,386
311,247
311,574
311,575
311,490
311,727
311,205
311,635
311,729
311,636
311,156
311,74
311,304
311,349
311,443
311,639
311,742
311,261
311,454
311,127
311,126
311,545
311,264
311,643
311,265
311,222
311,507
311,603
311,268
311,609
311,87
311,366
311,367
311,173
130,466
130,557
130,280
130,521
130,708
130,559
130,96
130,4
130,184
130,476
130,187
130,100
130,619
130,477
130,332
130,7
130,290
130,291
130,670
130,60
130,150
130,61
130,486
130,631
130,200
130,339
130,21
130,201
130,577
130,297
130,342
130,583
130,26
130,345
130,76
130,587
130,737
130,494
130,31
130,741
130,500
130,700
130,357
130,45
130,218
130,46
130,86
130,463
130,512
130,277
398,135
398,316
398,0
398,703
398,176
398,557
398,280
398,658
398,96
398,141
398,101
398,619
398,332
398,381
398,241
398,9
398,290
398,384
398,243
398,148
398,64
398,631
398,338
398,297
398,726
398,537
398,114
398,397
398,583
398,27
398,638
398,299
398,76
398,302
398,122
398,305
398,593
398,600
398,310
398,132
398,691
398,85
398,606
398,749
398,43
398,315
398,700
398,88
398,513
398,275
399,465
399,424
399,373
399,613
399,523
399,98
399,475
399,478
399,195
399,103
399,623
399,242
399,382
399,383
399,104
399,54
399,59
399,198
399,105
399,720
399,112
399,273
399,727
399,205
399,395
399,438
399,677
399,679
399,117
399,492
399,441
399,736
399,590
399,350
399,257
399,739
399,80
399,123
399,160
399,124
399,501
399,307
399,743
399,595
399,360
399,262
399,597
399,456
399,131
399,649
399,368
399,227
315,0
315,552
315,517
315,707
315,229
315,280
315,94
315,323
315,231
315,140
315,374
315,97
315,285
315,141
315,474
315,618
315,619
315,668
315,9
315,384
315,483
315,148
315,335
315,673
315,62
315,533
315,67
315,534
315,19
315,633
315,114
315,579
315,439
315,207
315,398
315,344
315,681
315,638
315,157
315,76
315,305
315,598
315,167
315,408
315,600
315,310
315,691
315,85
315,700
315,275
114,137
114,707
114,229
114,519
114,280
114,371
114,322
114,277
114,232
114,180
114,141
114,562
114,193
114,239
114,568
114,8
114,9
114,243
114,485
114,16
114,573
114,67
114,390
114,68
114,297
114,204
114,582
114,583
114,733
114,256
114,300
114,76
114,79
114,159
114,640
114,447
114,700
114,453
114,359
114,641
114,642
114,310
114,508
114,690
114,648
114,225
114,315
114,274
114,652
114,275
636,317
636,467
636,425
636,470
636,321
636,471
636,709
636,473
636,236
636,710
636,616
636,562
636,427
636,379
636,53
636,570
636,102
636,383
636,272
636,532
636,108
636,574
636,250
636,68
636,490
636,676
636,114
636,436
636,635
636,729
636,581
636,156
636,74
636,348
636,684
636,214
636,34
636,742
636,355
636,356
636,545
636,599
636,263
636,264
636,309
636,311
636,412
636,692
636,269
636,609
636,87
636,367
447,705
447,707
447,229
447,519
447,280
447,371
447,282
447,322
447,177
447,277
447,96
447,326
447,141
447,193
447,619
447,50
447,568
447,668
447,9
447,243
447,16
447,573
447,67
447,68
447,297
447,114
447,440
447,583
447,733
447,256
447,300
447,76
447,213
447,159
447,640
447,453
447,359
447,642
447,310
447,690
447,312
447,224
447,606
447,648
447,47
447,225
447,700
447,88
447,418
447,652
447,275
726,515
726,316
726,703
726,557
726,658
726,521
726,558
726,2
726,184
726,564
726,480
726,144
726,619
726,620
726,332
726,7
726,381
726,572
726,290
726,291
726,384
726,57
726,197
726,672
726,486
726,487
726,631
726,538
726,253
726,298
726,682
726,76
726,211
726,496
726,352
726,404
726,498
726,258
726,405
726,357
726,541
726,218
726,308
726,409
726,605
726,83
726,413
726,749
726,363
726,700
726,417
726,549
700,466
700,707
700,557
700,280
700,521
700,559
700,96
700,326
700,141
700,184
700,619
700,713
700,332
700,7
700,381
700,9
700,290
700,384
700,243
700,670
700,486
700,16
700,631
700,200
700,68
700,201
700,297
700,634
700,726
700,114
700,582
700,583
700,398
700,345
700,584
700,76
700,302
700,737
700,494
700,447
700,405
700,641
700,218
700,310
700,457
700,130
700,85
700,749
700,648
700,88
700,277
700,275
88,316
88,91
88,176
88,469
88,557
88,280
88,96
88,326
88,141
88,142
88,332
88,381
88,9
88,292
88,384
88,13
88,290
88,55
88,243
88,716
88,631
88,338
88,297
88,396
88,343
88,583
88,398
88,734
88,29
88,76
88,587
88,737
88,158
88,497
88,447
88,593
88,452
88,745
88,601
88,310
88,169
88,548
88,84
88,270
88,700
88,275
277,556
277,557
277,559
277,179
277,183
277,375
277,184
277,185
277,187
277,7
277,10
277,385
277,16
277,18
277,200
277,576
277,389
277,201
277,394
277,583
277,209
277,586
277,211
277,402
277,32
277,592
277,215
277,405
277,218
277,223
277,426
277,237
277,238
277,619
277,243
277,244
277,57
277,63
277,631
277,251
277,68
277,634
277,72
277,76
277,446
277,447
277,641
277,644
277,648
277,466
277,280
277,281
277,96
277,663
277,476
277,477
277,665
277,290
277,484
277,670
277,297
277,114
277,300
277,120
277,302
277,494
277,121
277,686
277,310
277,130
277,693
277,511
277,700
277,702
277,514
277,515
277,136
277,518
277,707
277,521
277,327
277,141
277,531
277,338
277,726
277,737
277,353
277,161
277,361
277,170
275,135
275,0
275,707
275,280
275,612
275,96
275,326
275,141
275,97
275,713
275,332
275,668
275,381
275,9
275,290
275,384
275,55
275,243
275,57
275,64
275,632
275,67
275,338
275,631
275,297
275,114
275,439
275,583
275,398
275,539
275,638
275,76
275,737
275,122
275,159
275,447
275,306
275,593
275,37
275,600
275,310
275,691
275,85
275,606
275,749
275,697
275,225
275,315
275,700
275,88
